elevator = 0.03480597829767064
aileron = 0.0
rudder = 0.0
throttle_1 = 0.421875
throttle_2 = 0.421875
throttle_3 = 0.421875
throttle_4 = 0.421875
propeller_1 = 1.0
propeller_2 = 1.0
propeller_3 = 1.0
propeller_4 = 1.0
mixture_1 = 1.0
mixture_2 = 1.0
mixture_3 = 1.0
mixture_4 = 1.0
flaps = 0.0
gear = 0.0
leftBrake = 0.0
rightBrake = 0.0
