initU = 210.0
initV = 0.0
initW = -3.7287120855578455
initN = 0.0
initE = 0.0
initD = 5000.0
initPhi = 0.0
initTheta = -0.01775390625
initPsi = 0.785
initP = 0.0
initQ = 0.0
initR = 0.0
initLat = 0.0
initLon = 0.0
